# Vol Dashboard Snapshot
**Generated:** 2026-02-19 15:14
**Market Date:** 2026-02-19 (Thursday)
**Commodities:** SOY, MEAL, OIL, CORN, WHEAT

---

## 1. Power Grid

*IV premium over predicted realized vol. Positive = IV rich, negative = IV cheap.*

| Commodity | M1 | M2 | M3 | M4 | M5 | M6 | M7 | M8 |
|-----------|-------|-------|-------|-------|-------|-------|-------|-------|
| SOY | +18.1% | +29.2% | +14.2% | +3.4% | +28.8% | -13.1% | -31.8% | -38.9% |
| MEAL | +2.3% | +19.1% | +7.7% | +0.5% | +6.9% | -10.7% | -25.4% | -15.1% |
| OIL | +36.1% | +17.1% | +23.0% | +23.1% | -12.2% | +4.2% | -11.5% | — |
| CORN | +4.9% | +26.2% | -3.2% | +10.4% | +31.6% | -21.7% | -23.6% | — |
| WHEAT | +17.5% | -4.4% | +6.3% | +3.8% | +5.4% | -41.4% | — | — |
| KW | +25.7% | +2.7% | +3.5% | -4.0% | -22.8% | — | — | — |

**Forward Vols:**
| Commodity | M1 | M2 | M3 | M4 | M5 | M6 | M7 | M8 |
|-----------|-------|-------|-------|-------|-------|-------|-------|-------|
| SOY | 16.30 | 18.48 | 16.79 | 16.85 | 22.15 | 18.95 | 13.22 | 9.71 |
| MEAL | 18.82 | 20.83 | 20.13 | 19.89 | 23.21 | 21.34 | 15.66 | 15.87 |
| OIL | 34.70 | 34.19 | 30.75 | 29.41 | 25.99 | 27.83 | 24.50 | — |
| CORN | 14.05 | 19.94 | 19.55 | 22.84 | 29.62 | 22.70 | 16.59 | — |
| WHEAT | 26.08 | 24.77 | 28.18 | 28.24 | 29.20 | 19.70 | — | — |
| KW | 27.15 | 26.09 | 28.98 | 26.98 | 21.37 | — | — | — |

**Predicted RV:**
| Commodity | M1 | M2 | M3 | M4 | M5 | M6 | M7 | M8 |
|-----------|-------|-------|-------|-------|-------|-------|-------|-------|
| SOY | 13.80 | 14.30 | 14.70 | 16.30 | 17.20 | 21.80 | 19.40 | 15.90 |
| MEAL | 18.40 | 17.50 | 18.70 | 19.80 | 21.70 | 23.90 | 21.00 | 18.70 |
| OIL | 25.50 | 29.20 | 25.00 | 23.90 | 29.60 | 26.70 | 27.70 | — |
| CORN | 13.40 | 15.80 | 20.20 | 20.70 | 22.50 | 29.00 | 21.70 | — |
| WHEAT | 22.20 | 25.90 | 26.50 | 27.20 | 27.70 | 33.60 | — | — |
| KW | 21.60 | 25.40 | 28.00 | 28.10 | 27.70 | — | — | — |

---

## 2. Vol Changes

*1-day and 5-day changes in dirty_vol and fwd_vol.*

### SOY
| Contract | IV Now | Fwd Now | IV 1d | Fwd 1d | IV 5d | Fwd 5d |
|----------|--------|---------|-------|--------|--------|---------|
| H26 | 16.20 | 16.30 | +0.31 | +0.32 | — | — |
| J26 | 17.17 | 18.48 | +0.12 | -0.15 | — | — |
| K26 | 16.58 | 16.79 | +0.11 | +0.08 | — | — |
| M26 | 16.66 | 16.85 | +0.09 | +0.03 | — | — |
| N26 | 17.21 | 22.15 | +0.12 | +0.17 | — | — |
| Q26 | 16.93 | 18.95 | -0.04 | -0.79 | — | — |
| V26 | 15.76 | 13.22 | -0.01 | +0.08 | — | — |
| Z26 | 14.40 | 9.71 | -0.02 | -0.01 | — | — |

### MEAL
| Contract | IV Now | Fwd Now | IV 1d | Fwd 1d | IV 5d | Fwd 5d |
|----------|--------|---------|-------|--------|--------|---------|
| H26 | 18.61 | 18.82 | -0.63 | -0.62 | — | — |
| J26 | 19.54 | 20.83 | -0.38 | -0.10 | — | — |
| K26 | 19.00 | 20.13 | -0.22 | +0.08 | — | — |
| M26 | 19.24 | 19.89 | -0.11 | +0.18 | — | — |
| N26 | 18.94 | 23.21 | -0.27 | -0.89 | — | — |
| Q26 | 18.64 | 21.34 | -0.22 | -0.04 | — | — |
| U26 | 18.01 | 15.66 | -0.32 | -0.92 | — | — |
| X26 | 17.63 | 15.87 | -0.17 | +0.53 | — | — |

### OIL
| Contract | IV Now | Fwd Now | IV 1d | Fwd 1d | IV 5d | Fwd 5d |
|----------|--------|---------|-------|--------|--------|---------|
| H26 | 33.87 | 34.70 | +2.84 | +2.92 | — | — |
| J26 | 33.97 | 34.19 | +1.95 | +0.68 | — | — |
| K26 | 32.39 | 30.75 | +1.55 | +0.75 | — | — |
| M26 | 31.65 | 29.41 | +1.38 | +0.86 | — | — |
| N26 | 30.35 | 25.99 | +1.09 | -0.38 | — | — |
| Q26 | 29.30 | 27.83 | +0.94 | +0.39 | — | — |
| U26 | 28.37 | 24.50 | +0.84 | +0.38 | — | — |

### CORN
| Contract | IV Now | Fwd Now | IV 1d | Fwd 1d | IV 5d | Fwd 5d |
|----------|--------|---------|-------|--------|--------|---------|
| H26 | 13.70 | 14.05 | +0.02 | +0.03 | — | — |
| J26 | 16.54 | 19.94 | +0.10 | +0.07 | — | — |
| K26 | 17.01 | 19.55 | +0.21 | +0.39 | — | — |
| M26 | 18.70 | 22.84 | +0.43 | +0.88 | — | — |
| N26 | 20.51 | 29.62 | +0.54 | +0.77 | — | — |
| Q26 | 20.84 | 22.70 | +0.73 | +1.66 | — | — |
| X26 | 18.88 | 16.59 | +0.55 | +0.21 | — | — |

### WHEAT
| Contract | IV Now | Fwd Now | IV 1d | Fwd 1d | IV 5d | Fwd 5d |
|----------|--------|---------|-------|--------|--------|---------|
| H26 | 26.20 | 26.08 | +4.78 | +4.59 | — | — |
| J26 | 25.61 | 24.77 | +3.37 | +1.36 | — | — |
| K26 | 25.27 | 28.18 | +2.68 | +1.73 | — | — |
| M26 | 26.10 | 28.24 | +2.22 | +1.06 | — | — |
| Q26 | 26.10 | 29.20 | +1.48 | +0.32 | — | — |
| X26 | 23.66 | 19.70 | +1.00 | +0.30 | — | — |

---

## 3. IV Percentiles

*Current IV rank vs historical distribution. >80 = rich, <20 = cheap.*

### SOY
| Month | Current IV | Percentile | Median | Distance |
|-------|-----------|------------|--------|----------|
| M1 | 15.77 | 22% | 17.19 | -1.41 |
| M2 | 15.95 | 70% | 14.54 | +1.41 |
| M3 | 16.96 | 92% | 14.16 | +2.80 |
| M4 | 16.41 | 90% | 14.14 | +2.27 |
| M5 | 16.51 | 86% | 14.51 | +1.99 |
| M6 | 17.12 | 83% | 15.26 | +1.86 |
| M7 | 16.87 | 64% | 15.91 | +0.96 |
| M8 | 15.70 | 32% | 17.41 | -1.71 |

### MEAL
| Month | Current IV | Percentile | Median | Distance |
|-------|-----------|------------|--------|----------|
| M1 | 19.86 | 36% | 20.58 | -0.72 |
| M2 | 19.30 | 88% | 17.02 | +2.28 |
| M3 | 19.90 | 88% | 16.91 | +2.98 |
| M4 | 19.34 | 80% | 16.92 | +2.42 |
| M5 | 19.42 | 80% | 17.16 | +2.26 |
| M6 | 19.27 | 69% | 18.01 | +1.26 |
| M7 | 18.82 | 60% | 17.86 | +0.95 |
| M8 | 18.27 | 39% | 19.00 | -0.73 |

### OIL
| Month | Current IV | Percentile | Median | Distance |
|-------|-----------|------------|--------|----------|
| M1 | 26.49 | 56% | 26.06 | +0.44 |
| M2 | 32.05 | 99% | 26.74 | +5.30 |
| M3 | 32.95 | 100% | 27.08 | +5.87 |
| M4 | 31.62 | 98% | 26.44 | +5.18 |
| M5 | 30.95 | 86% | 26.50 | +4.45 |
| M6 | 29.85 | 75% | 26.22 | +3.63 |
| M7 | 28.86 | 67% | 26.77 | +2.09 |
| M8 | 27.89 | 50% | 27.90 | -0.01 |

### CORN
| Month | Current IV | Percentile | Median | Distance |
|-------|-----------|------------|--------|----------|
| M1 | 11.73 | 2% | 22.20 | -10.47 |
| M2 | 13.71 | 6% | 18.04 | -4.34 |
| M3 | 16.57 | 48% | 16.69 | -0.12 |
| M4 | 16.89 | 46% | 17.17 | -0.29 |
| M5 | 18.48 | 51% | 18.39 | +0.10 |
| M6 | 20.12 | 58% | 19.05 | +1.07 |
| M7 | 20.39 | 56% | 19.78 | +0.61 |
| M8 | 18.54 | 8% | 22.06 | -3.52 |

### WHEAT
| Month | Current IV | Percentile | Median | Distance |
|-------|-----------|------------|--------|----------|
| M1 | 27.93 | 69% | 25.82 | +2.11 |
| M2 | 23.13 | 48% | 23.13 | -0.00 |
| M3 | 23.52 | 71% | 22.22 | +1.29 |
| M4 | 23.52 | 64% | 22.94 | +0.58 |
| M5 | 24.73 | 60% | 23.68 | +1.05 |
| M6 | 25.19 | 60% | 24.62 | +0.57 |
| M7 | 22.95 | 21% | 24.84 | -1.89 |

---

## 4. Realized Volatility

*Per-contract annualized RV from close-to-close log returns.*

*Cache date: 2026-02-18*

### SOY
| Contract | Close | 5D | 10D | 20D | 50D |
|-------|-------|-------|-------|-------|-------|
| F27 | 1126.50 | 5.23 | 8.66 | 8.58 | 8.75 |
| H26 | 1133.50 | 8.81 | 17.54 | 14.05 | 13.23 |
| H27 | 1126.75 | 5.09 | 8.17 | 8.20 | 8.42 |
| K26 | 1149.00 | 8.33 | 17.93 | 14.23 | 12.94 |
| K27 | 1130.25 | 4.93 | 7.84 | 7.80 | 8.01 |
| N26 | 1161.50 | 7.45 | 17.00 | 13.64 | 12.24 |
| N27 | 1136.00 | 4.53 | 8.16 | 7.87 | 7.87 |
| Q26 | 1152.50 | 7.16 | 14.75 | 12.21 | 11.21 |

### MEAL
| Contract | Close | 5D | 10D | 20D | 50D |
|-------|-------|-------|-------|-------|-------|
| F27 | 315.30 | 10.71 | 12.17 | 11.71 | 12.13 |
| H26 | 303.90 | 15.70 | 20.84 | 18.97 | 16.92 |
| H27 | 316.10 | 10.91 | 11.92 | 11.31 | 11.73 |
| K26 | 308.50 | 14.64 | 19.71 | 17.14 | 15.84 |
| K27 | 317.40 | 11.28 | 11.59 | 10.75 | 11.34 |
| N26 | 313.20 | 12.76 | 18.39 | 16.02 | 14.78 |
| N27 | 319.70 | 11.39 | 11.06 | 10.31 | 10.91 |
| Q26 | 313.60 | 11.34 | 16.67 | 14.86 | 13.97 |

### OIL
| Contract | Close | 5D | 10D | 20D | 50D |
|-------|-------|-------|-------|-------|-------|
| F27 | 57.52 | 16.28 | 18.22 | 17.91 | 16.62 |
| H26 | 58.59 | 18.37 | 21.58 | 20.84 | 19.84 |
| H27 | 57.16 | 15.44 | 17.81 | 17.59 | 16.15 |
| K26 | 59.08 | 18.26 | 21.16 | 20.47 | 19.36 |
| K27 | 56.83 | 14.76 | 17.28 | 17.22 | 15.68 |
| N26 | 59.27 | 18.21 | 20.49 | 19.91 | 20.88 |
| N27 | 56.51 | 14.15 | 16.57 | 16.74 | 15.30 |
| Q27 | 55.90 | 13.54 | 16.24 | 16.40 | 15.03 |

### CORN
| Contract | Close | 5D | 10D | 20D | 50D |
|-------|-------|-------|-------|-------|-------|
| H26 | 427.00 | 11.31 | 11.81 | 11.55 | 17.04 |
| H27 | 473.25 | 8.55 | 7.86 | 7.36 | 9.31 |
| H28 | 482.50 | 5.68 | 6.18 | 4.83 | — |
| K26 | 436.75 | 13.36 | 12.87 | 11.65 | 16.33 |
| K27 | 479.25 | 8.05 | 7.64 | 6.90 | 8.93 |
| K28 | 487.75 | 5.40 | 6.03 | 4.71 | — |
| N26 | 444.75 | 12.69 | 12.35 | 11.23 | 15.40 |
| N27 | 482.75 | 7.90 | 7.78 | 6.86 | 8.60 |

### WHEAT
| Contract | Close | 5D | 10D | 20D | 50D |
|-------|-------|-------|-------|-------|-------|
| H26 | 547.00 | 30.25 | 23.53 | 23.67 | 18.74 |
| H27 | 604.25 | 20.54 | 16.19 | 16.49 | 12.69 |
| H28 | 636.25 | 14.57 | 13.54 | 13.27 | 9.95 |
| K26 | 552.50 | 27.83 | 21.52 | 21.64 | 17.07 |
| K27 | 611.50 | 19.18 | 15.22 | 15.57 | 11.97 |
| K28 | 638.25 | 11.92 | 12.11 | 12.50 | 9.64 |
| N26 | 559.75 | 24.74 | 19.50 | 19.90 | 15.68 |
| N27 | 610.25 | 18.86 | 15.11 | 15.36 | 11.29 |

---

## 5. Skew Analyzer

*Current skew minus historical median. Positive = skew steeper than normal.*

### SOY
| Month | P2 | P1 | C1 | C2 | C3 |
|-------|-------|-------|-------|-------|-------|
| M1 | — | — | -0.26 | -0.70 | +1.12 |
| M2 | — | — | -0.07 | -0.23 | -0.22 |
| M3 | — | — | +0.44 | +1.02 | +1.63 |
| M4 | — | — | -0.05 | -0.12 | +0.17 |
| M5 | — | — | +0.54 | +0.98 | +1.38 |
| M6 | — | — | +0.37 | +0.84 | +2.20 |
| M7 | — | — | +0.35 | +1.07 | +2.17 |
| M8 | — | — | +0.23 | +0.87 | +2.10 |

### MEAL
| Month | P2 | P1 | C1 | C2 | C3 |
|-------|-------|-------|-------|-------|-------|
| M1 | -0.88 | — | +0.17 | +1.05 | +4.94 |
| M2 | — | — | -0.07 | -0.15 | -0.44 |
| M3 | -1.33 | — | +0.23 | +1.19 | +3.28 |
| M4 | — | — | -0.15 | -0.21 | -0.60 |
| M5 | — | — | +0.36 | +0.86 | +1.70 |
| M6 | — | — | +0.27 | +0.78 | +1.90 |
| M7 | — | — | +0.23 | +0.58 | +1.86 |
| M8 | — | — | +0.17 | +0.52 | +1.10 |

### OIL
| Month | P2 | P1 | C1 | C2 | C3 |
|-------|-------|-------|-------|-------|-------|
| M1 | +0.48 | — | +0.09 | +1.12 | +4.20 |
| M2 | -0.57 | — | +0.70 | +0.96 | +3.22 |
| M3 | -1.43 | — | +0.80 | +1.71 | +3.12 |
| M4 | -1.26 | — | +0.61 | +0.54 | +0.56 |
| M5 | -1.68 | — | +0.58 | +0.75 | +0.25 |
| M6 | — | — | +0.58 | +0.67 | +0.93 |
| M7 | -1.32 | — | +0.45 | +0.57 | +0.80 |
| M8 | -1.59 | — | +0.81 | +0.91 | — |

### CORN
| Month | P2 | P1 | C1 | C2 | C3 |
|-------|-------|-------|-------|-------|-------|
| M1 | -0.53 | — | -0.52 | -0.25 | +0.48 |
| M2 | +0.02 | — | -0.02 | -0.07 | +0.07 |
| M3 | -1.19 | — | +0.15 | +0.22 | +1.31 |
| M4 | +0.11 | — | +0.07 | -0.17 | -0.25 |
| M5 | -0.47 | — | +0.30 | +0.76 | +2.34 |
| M6 | +0.22 | — | -0.03 | -0.06 | -0.17 |
| M7 | -0.92 | — | +0.12 | +0.78 | +2.11 |
| M8 | — | — | -0.01 | +0.45 | +1.43 |

### WHEAT
| Month | P2 | P1 | C1 | C2 | C3 |
|-------|-------|-------|-------|-------|-------|
| M1 | — | — | +0.06 | -0.70 | -0.81 |
| M2 | — | — | +0.10 | +0.41 | -0.06 |
| M3 | — | — | +0.28 | +0.73 | +1.10 |
| M4 | — | — | +0.09 | +0.27 | +0.63 |
| M5 | — | — | +0.15 | +0.71 | +2.20 |
| M6 | — | — | +0.30 | +1.04 | +1.87 |
| M7 | — | — | +0.11 | +0.27 | +0.46 |

---

## 6. Heat Map (IV vs Seasonal)

*Current IV minus historical seasonal median by ~10-day period. Positive = rich vs seasonal.*

### SOY (period: February2)
| Month Code | Current IV | Seasonal Median | Diff |
|------------|-----------|-----------------|------|
| F | 14.40 | 16.32 | -1.92 |
| J | 16.20 | 15.94 | +0.26 |
| K | 17.17 | 16.65 | +0.52 |
| M | 16.58 | 16.54 | +0.04 |
| N | 16.66 | 16.92 | -0.26 |
| Q | 17.21 | 17.79 | -0.58 |
| U | 16.93 | 17.90 | -0.97 |
| X | 15.76 | 17.07 | -1.31 |

### MEAL (period: February2)
| Month Code | Current IV | Seasonal Median | Diff |
|------------|-----------|-----------------|------|
| F | 17.18 | 19.00 | -1.82 |
| J | 18.61 | 21.30 | -2.69 |
| K | 19.54 | 21.22 | -1.68 |
| M | 19.00 | 19.59 | -0.58 |
| N | 19.24 | 21.03 | -1.79 |
| Q | 18.94 | 21.13 | -2.19 |
| U | 18.64 | 20.78 | -2.14 |
| V | 18.01 | 20.56 | -2.55 |
| Z | 17.63 | 20.20 | -2.56 |

### OIL (period: February2)
| Month Code | Current IV | Seasonal Median | Diff |
|------------|-----------|-----------------|------|
| J | 33.87 | 28.36 | +5.51 |
| K | 33.97 | 26.72 | +7.25 |
| M | 32.39 | 30.29 | +2.10 |
| N | 31.65 | 27.33 | +4.32 |
| Q | 30.35 | 28.16 | +2.19 |
| U | 29.30 | 27.44 | +1.86 |
| V | 28.37 | 27.03 | +1.34 |

### CORN (period: February2)
| Month Code | Current IV | Seasonal Median | Diff |
|------------|-----------|-----------------|------|
| J | 13.70 | 16.76 | -3.06 |
| K | 16.54 | 19.74 | -3.20 |
| M | 17.01 | 17.14 | -0.12 |
| N | 18.70 | 21.93 | -3.23 |
| U | 20.84 | 24.38 | -3.54 |
| Z | 18.88 | 22.82 | -3.95 |

### WHEAT (period: February2)
| Month Code | Current IV | Seasonal Median | Diff |
|------------|-----------|-----------------|------|
| J | 26.20 | 26.20 | +0.00 |
| K | 25.61 | 26.69 | -1.08 |
| M | 25.27 | 23.12 | +2.15 |
| N | 26.10 | 27.21 | -1.11 |
| U | 26.10 | 27.46 | -1.36 |
| Z | 23.66 | 24.74 | -1.08 |

---

## 7. Variance Calendar

*Using default CME variance weights.*

### Monthly Variance Totals

| Month | SOY | MEAL | OIL | CORN | WHEAT | KW |
|-------|------|------|------|------|------|------|
| 2026-02 | 7.5 | 7.5 | 7.5 | 7.5 | 7.5 | 7.5 |
| 2026-03 | 24.9 | 24.9 | 25.1 | 25.4 | 23.9 | 23.9 |
| 2026-04 | 22.4 | 22.4 | 22.4 | 22.4 | 22.4 | 22.4 |
| 2026-05 | 21.6 | 21.6 | 21.6 | 21.6 | 21.6 | 21.6 |
| 2026-06 | 24.4 | 24.4 | 24.4 | 24.4 | 24.4 | 24.4 |
| 2026-07 | 23.4 | 23.4 | 23.4 | 23.4 | 23.4 | 23.4 |
| 2026-08 | 24.0 | 24.0 | 23.0 | 24.5 | 23.0 | 23.0 |
| 2026-09 | 24.9 | 25.4 | 23.4 | 25.9 | 24.4 | 24.4 |
| 2026-10 | 25.4 | 25.4 | 25.4 | 24.9 | 25.4 | 25.4 |
| 2026-11 | 24.5 | 24.5 | 23.5 | 24.5 | 22.0 | 22.0 |
| 2026-12 | 23.4 | 23.4 | 23.4 | 23.4 | 23.4 | 23.4 |
| 2027-01 | 24.3 | 25.3 | 23.0 | 27.3 | 27.3 | 27.3 |
| 2027-02 | 20.4 | 20.4 | 20.4 | 20.4 | 20.4 | 20.4 |
| 2027-03 | 24.9 | 24.9 | 25.1 | 25.4 | 23.9 | 23.9 |
| 2027-04 | 23.2 | 23.2 | 23.2 | 23.2 | 23.2 | 23.2 |
| 2027-05 | 21.6 | 21.6 | 21.6 | 21.6 | 21.6 | 21.6 |
| 2027-06 | 24.4 | 24.4 | 24.4 | 24.4 | 24.4 | 24.4 |
| 2027-07 | 22.5 | 22.5 | 22.5 | 22.5 | 22.5 | 22.5 |
| 2027-08 | 24.9 | 24.9 | 23.9 | 25.4 | 23.9 | 23.9 |
| 2027-09 | 24.9 | 25.4 | 23.4 | 25.9 | 24.4 | 24.4 |
| 2027-10 | 24.5 | 24.5 | 24.5 | 24.0 | 24.5 | 24.5 |
| 2027-11 | 25.4 | 25.4 | 24.4 | 25.4 | 22.9 | 22.9 |
| 2027-12 | 23.4 | 23.4 | 23.4 | 23.4 | 23.4 | 23.4 |
| 2028-01 | 25.1 | 26.1 | 23.9 | 28.1 | 28.1 | 28.1 |
| 2028-02 | 21.4 | 21.4 | 21.4 | 21.4 | 21.4 | 21.4 |
| 2028-03 | 15.9 | 15.9 | 15.9 | 15.9 | 15.9 | 15.9 |

### Next 60 Days Detail

| Date | Day | Event | SOY | MEAL | OIL | CORN | WHEAT | KW |
|------|-----|-------|------|------|------|------|------|------|
| 2026-02-19 | Thu |  | 1.00 | 1.00 | 1.00 | 1.00 | 1.00 | 1.00 |
| 2026-02-20 | Fri |  | 1.00 | 1.00 | 1.00 | 1.00 | 1.00 | 1.00 |
| 2026-02-21 | Sat | W | 0.15 | 0.15 | 0.15 | 0.15 | 0.15 | 0.15 |
| 2026-02-22 | Sun | W | 0.15 | 0.15 | 0.15 | 0.15 | 0.15 | 0.15 |
| 2026-02-23 | Mon |  | 1.00 | 1.00 | 1.00 | 1.00 | 1.00 | 1.00 |
| 2026-02-24 | Tue |  | 1.00 | 1.00 | 1.00 | 1.00 | 1.00 | 1.00 |
| 2026-02-25 | Wed |  | 1.00 | 1.00 | 1.00 | 1.00 | 1.00 | 1.00 |
| 2026-02-26 | Thu |  | 1.00 | 1.00 | 1.00 | 1.00 | 1.00 | 1.00 |
| 2026-02-27 | Fri |  | 1.00 | 1.00 | 1.00 | 1.00 | 1.00 | 1.00 |
| 2026-02-28 | Sat | W | 0.15 | 0.15 | 0.15 | 0.15 | 0.15 | 0.15 |
| 2026-03-01 | Sun | W | 0.15 | 0.15 | 0.15 | 0.15 | 0.15 | 0.15 |
| 2026-03-02 | Mon |  | 1.00 | 1.00 | 1.00 | 1.00 | 1.00 | 1.00 |
| 2026-03-03 | Tue |  | 1.00 | 1.00 | 1.00 | 1.00 | 1.00 | 1.00 |
| 2026-03-04 | Wed |  | 1.00 | 1.00 | 1.00 | 1.00 | 1.00 | 1.00 |
| 2026-03-05 | Thu |  | 1.00 | 1.00 | 1.00 | 1.00 | 1.00 | 1.00 |
| 2026-03-06 | Fri |  | 1.00 | 1.00 | 1.00 | 1.00 | 1.00 | 1.00 |
| 2026-03-07 | Sat | W | 0.15 | 0.15 | 0.15 | 0.15 | 0.15 | 0.15 |
| 2026-03-08 | Sun | W | 0.15 | 0.15 | 0.15 | 0.15 | 0.15 | 0.15 |
| 2026-03-09 | Mon |  | 1.00 | 1.00 | 1.00 | 1.00 | 1.00 | 1.00 |
| 2026-03-10 | Tue | Crop Production - Out | 1.00 | 1.00 | 1.00 | 1.00 | 1.00 | 1.00 |
| 2026-03-11 | Wed |  | 1.00 | 1.00 | 1.00 | 1.00 | 1.00 | 1.00 |
| 2026-03-12 | Thu |  | 1.00 | 1.00 | 1.00 | 1.00 | 1.00 | 1.00 |
| 2026-03-13 | Fri |  | 1.00 | 1.00 | 1.00 | 1.00 | 1.00 | 1.00 |
| 2026-03-14 | Sat | W | 0.15 | 0.15 | 0.15 | 0.15 | 0.15 | 0.15 |
| 2026-03-15 | Sun | W | 0.15 | 0.15 | 0.15 | 0.15 | 0.15 | 0.15 |
| 2026-03-16 | Mon |  | 1.00 | 1.00 | 1.00 | 1.00 | 1.00 | 1.00 |
| 2026-03-17 | Tue |  | 1.00 | 1.00 | 1.00 | 1.00 | 1.00 | 1.00 |
| 2026-03-18 | Wed |  | 1.00 | 1.00 | 1.00 | 1.00 | 1.00 | 1.00 |
| 2026-03-19 | Thu |  | 1.00 | 1.00 | 1.00 | 1.00 | 1.00 | 1.00 |
| 2026-03-20 | Fri |  | 1.00 | 1.00 | 1.00 | 1.00 | 1.00 | 1.00 |
| 2026-03-21 | Sat | W | 0.15 | 0.15 | 0.15 | 0.15 | 0.15 | 0.15 |
| 2026-03-22 | Sun | W | 0.15 | 0.15 | 0.15 | 0.15 | 0.15 | 0.15 |
| 2026-03-23 | Mon |  | 1.00 | 1.00 | 1.00 | 1.00 | 1.00 | 1.00 |
| 2026-03-24 | Tue |  | 1.00 | 1.00 | 1.00 | 1.00 | 1.00 | 1.00 |
| 2026-03-25 | Wed |  | 1.00 | 1.00 | 1.00 | 1.00 | 1.00 | 1.00 |
| 2026-03-26 | Thu |  | 1.00 | 1.00 | 1.00 | 1.00 | 1.00 | 1.00 |
| 2026-03-27 | Fri |  | 1.00 | 1.00 | 1.00 | 1.00 | 1.00 | 1.00 |
| 2026-03-28 | Sat | W | 0.15 | 0.15 | 0.15 | 0.15 | 0.15 | 0.15 |
| 2026-03-29 | Sun | W | 0.15 | 0.15 | 0.15 | 0.15 | 0.15 | 0.15 |
| 2026-03-30 | Mon |  | 1.00 | 1.00 | 1.00 | 1.00 | 1.00 | 1.00 |
| 2026-03-31 | Tue | Grain Stock - Mar & Planting | 2.50 | 2.50 | 2.70 | 3.00 | 1.50 | 1.50 |
| 2026-04-01 | Wed |  | 1.00 | 1.00 | 1.00 | 1.00 | 1.00 | 1.00 |
| 2026-04-02 | Thu |  | 1.00 | 1.00 | 1.00 | 1.00 | 1.00 | 1.00 |
| 2026-04-03 | Fri | H | 0.15 | 0.15 | 0.15 | 0.15 | 0.15 | 0.15 |
| 2026-04-04 | Sat | W | 0.15 | 0.15 | 0.15 | 0.15 | 0.15 | 0.15 |
| 2026-04-05 | Sun | W | 0.15 | 0.15 | 0.15 | 0.15 | 0.15 | 0.15 |
| 2026-04-06 | Mon |  | 1.00 | 1.00 | 1.00 | 1.00 | 1.00 | 1.00 |
| 2026-04-07 | Tue |  | 1.00 | 1.00 | 1.00 | 1.00 | 1.00 | 1.00 |
| 2026-04-08 | Wed |  | 1.00 | 1.00 | 1.00 | 1.00 | 1.00 | 1.00 |
| 2026-04-09 | Thu | Crop Production - Out | 1.00 | 1.00 | 1.00 | 1.00 | 1.00 | 1.00 |
| 2026-04-10 | Fri |  | 1.00 | 1.00 | 1.00 | 1.00 | 1.00 | 1.00 |
| 2026-04-11 | Sat | W | 0.15 | 0.15 | 0.15 | 0.15 | 0.15 | 0.15 |
| 2026-04-12 | Sun | W | 0.15 | 0.15 | 0.15 | 0.15 | 0.15 | 0.15 |
| 2026-04-13 | Mon |  | 1.00 | 1.00 | 1.00 | 1.00 | 1.00 | 1.00 |
| 2026-04-14 | Tue |  | 1.00 | 1.00 | 1.00 | 1.00 | 1.00 | 1.00 |
| 2026-04-15 | Wed |  | 1.00 | 1.00 | 1.00 | 1.00 | 1.00 | 1.00 |
| 2026-04-16 | Thu |  | 1.00 | 1.00 | 1.00 | 1.00 | 1.00 | 1.00 |
| 2026-04-17 | Fri |  | 1.00 | 1.00 | 1.00 | 1.00 | 1.00 | 1.00 |
| 2026-04-18 | Sat | W | 0.15 | 0.15 | 0.15 | 0.15 | 0.15 | 0.15 |
| 2026-04-19 | Sun | W | 0.15 | 0.15 | 0.15 | 0.15 | 0.15 | 0.15 |
| 2026-04-20 | Mon |  | 1.00 | 1.00 | 1.00 | 1.00 | 1.00 | 1.00 |

---

## Cross-Commodity Vol Spreads

**Crush: SOY vs MEAL:** 16.20 - 18.61 = -2.41 (ratio: 0.87, percentile: 60%)
**Crush: SOY vs OIL:** 16.20 - 33.87 = -17.68 (ratio: 0.48, percentile: 6%)
**Feed: CORN vs WHEAT:** 13.70 - 26.20 = -12.50 (ratio: 0.52, percentile: 5%)

---

## Variance Ratios

### SOY
Cached file: SOY_Z_all.parquet
```
          VarRat1  VarRat2  VarRat3  VarRat4  VarRat5  VarRat6  VarRat7  VarRat8  VarRat9  VarRat10  VarRat11  VarRat12
Contract                                                                                                               
F26          1.00     0.95     0.89     0.85     0.77     0.69     0.62     0.59     0.55      0.54      0.53      0.50
H26          0.95     1.00     0.94     0.89     0.81     0.72     0.65     0.61     0.58      0.56      0.55      0.52
K26          0.89     0.94     1.00     0.95     0.86     0.76     0.69     0.65     0.61      0.59      0.58      0.55
N26          0.85     0.89     0.95     1.00     0.91     0.80     0.72     0.68     0.64      0.62      0.61      0.58
Q26          0.77     0.81     0.86     0.91     1.00     0.88     0.79     0.75     0.70      0.68      0.67      0.63
U26          0.69     0.72     0.76     0.80     0.88     1.00     0.89     0.84     0.79      0.76      0.74      0.72
X26          0.62     0.65     0.69     0.72     0.79     0.89     1.00     0.94     0.89      0.85      0.83      0.81
F27          0.59     0.61     0.65     0.68     0.75     0.84     0.94     1.00     0.94      0.90      0.88      0.85
H27          0.55     0.58     0.61     0.64     0.70     0.79     0.89     0.94     1.00      0.96      0.94      0.90
K27          0.54     0.56     0.59     0.62     0.68     0.76     0.85     0.90     0.96      1.00      0.97      0.95
N27          0.53     0.55     0.58     0.61     0.67     0.74     0.83     0.88     0.94      0.97      1.00      0.98
Q27          0.50     0.52     0.55     0.58     0.63     0.72     0.81     0.85     0.90      0.95      0.98      1.00
```

### MEAL
Cached file: MEAL_Z_all.parquet
```
          VarRat1  VarRat2  VarRat3  VarRat4  VarRat5  VarRat6  VarRat7  VarRat8  VarRat9  VarRat10  VarRat11  VarRat12
Contract                                                                                                               
Z25          1.00     0.91     0.83     0.74     0.68     0.63     0.57     0.53     0.52      0.50      0.49      1.75
F26          0.91     1.00     0.90     0.81     0.74     0.68     0.62     0.57     0.56      0.54      0.52      1.88
H26          0.83     0.90     1.00     0.90     0.82     0.75     0.68     0.63     0.61      0.59      0.57      2.08
K26          0.74     0.81     0.90     1.00     0.91     0.84     0.75     0.70     0.68      0.65      0.64      2.34
N26          0.68     0.74     0.82     0.91     1.00     0.92     0.83     0.77     0.75      0.72      0.70      2.39
Q26          0.63     0.68     0.75     0.84     0.92     1.00     0.90     0.83     0.81      0.78      0.75      2.61
U26          0.57     0.62     0.68     0.75     0.83     0.90     1.00     0.92     0.90      0.86      0.83      3.33
V26          0.53     0.57     0.63     0.70     0.77     0.83     0.92     1.00     0.97      0.93      0.90      3.52
Z26          0.52     0.56     0.61     0.68     0.75     0.81     0.90     0.97     1.00      0.96      0.92      3.83
F27          0.50     0.54     0.59     0.65     0.72     0.78     0.86     0.93     0.96      1.00      0.97      4.59
H27          0.49     0.52     0.57     0.64     0.70     0.75     0.83     0.90     0.92      0.97      1.00      4.39
K27          1.75     1.88     2.08     2.34     2.39     2.61     3.33     3.52     3.83      4.59      4.39      1.00
```

### OIL
Cached file: OIL_Z_all.parquet
```
          VarRat1  VarRat2  VarRat3  VarRat4  VarRat5  VarRat6  VarRat7  VarRat8  VarRat9  VarRat10  VarRat11
Contract                                                                                                     
Z25          1.00     0.96     0.92     0.84     0.81     0.78     0.77     0.74     0.73      1.43      1.08
F26          0.96     1.00     0.95     0.87     0.84     0.81     0.80     0.77     0.75      1.49      1.13
H26          0.92     0.95     1.00     0.91     0.88     0.85     0.83     0.81     0.79      1.54      1.16
N26          0.84     0.87     0.91     1.00     0.96     0.93     0.91     0.88     0.86      1.75      1.31
Q26          0.81     0.84     0.88     0.96     1.00     0.97     0.95     0.92     0.90      1.92      1.41
U26          0.78     0.81     0.85     0.93     0.97     1.00     0.98     0.94     0.92      1.91      1.42
V26          0.77     0.80     0.83     0.91     0.95     0.98     1.00     0.97     0.95      1.80      1.37
Z26          0.74     0.77     0.81     0.88     0.92     0.94     0.97     1.00     0.98      2.20      1.60
F27          0.73     0.75     0.79     0.86     0.90     0.92     0.95     0.98     1.00      2.00      1.50
H27          1.43     1.49     1.54     1.75     1.92     1.91     1.80     2.20     2.00      1.00      0.96
K27          1.08     1.13     1.16     1.31     1.41     1.42     1.37     1.60     1.50      0.96      1.00
```

### CORN
Cached file: CORN_Z_all.parquet
```
          VarRat1  VarRat2  VarRat3  VarRat4  VarRat5  VarRat6  VarRat7  VarRat8  VarRat9  VarRat10  VarRat11  VarRat12
Contract                                                                                                               
Z25          1.00     0.90     0.84     0.77     0.62     0.53     0.48     0.46     0.43      0.52      0.35      0.43
H26          0.90     1.00     0.93     0.85     0.68     0.59     0.53     0.50     0.48      0.57      0.38      0.49
K26          0.84     0.93     1.00     0.92     0.73     0.63     0.57     0.54     0.51      0.60      0.41      0.53
N26          0.77     0.85     0.92     1.00     0.79     0.68     0.62     0.58     0.55      0.64      0.44      0.55
U26          0.62     0.68     0.73     0.79     1.00     0.85     0.77     0.72     0.69      0.76      0.54      0.62
Z26          0.53     0.59     0.63     0.68     0.85     1.00     0.90     0.85     0.81      0.85      0.61      0.67
H27          0.48     0.53     0.57     0.62     0.77     0.90     1.00     0.94     0.90      0.94      0.67      0.75
K27          0.46     0.50     0.54     0.58     0.72     0.85     0.94     1.00     0.96      1.00      0.71      0.76
N27          0.43     0.48     0.51     0.55     0.69     0.81     0.90     0.96     1.00      1.05      0.75      0.77
U27          0.52     0.57     0.60     0.64     0.76     0.85     0.94     1.00     1.05      1.00      0.83       NaN
Z27          0.35     0.38     0.41     0.44     0.54     0.61     0.67     0.71     0.75      0.83      1.00      0.98
H28          0.43     0.49     0.53     0.55     0.62     0.67     0.75     0.76     0.77       NaN      0.98      1.00
```

### WHEAT
Cached file: WHEAT_Z_all.parquet
```
          VarRat1  VarRat2  VarRat3  VarRat4  VarRat5  VarRat6  VarRat7  VarRat8  VarRat9  VarRat10  VarRat11  VarRat12
Contract                                                                                                               
Z25          1.00     0.88     0.81     0.72     0.66     0.61     0.92     0.50     0.48      0.45      0.46      0.44
H26          0.88     1.00     0.92     0.82     0.75     0.69     1.04     0.57     0.54      0.52      0.52      0.50
K26          0.81     0.92     1.00     0.89     0.82     0.75     1.11     0.63     0.59      0.56      0.57      0.55
N26          0.72     0.82     0.89     1.00     0.92     0.84     1.28     0.70     0.66      0.63      0.63      0.61
U26          0.66     0.75     0.82     0.92     1.00     0.91     1.36     0.77     0.71      0.69      0.69      0.67
Z26          0.61     0.69     0.75     0.84     0.91     1.00     1.50     0.84     0.78      0.75      0.75      0.73
H27          0.92     1.04     1.11     1.28     1.36     1.50     1.00     0.92     0.82      0.83      0.79      0.81
K27          0.50     0.57     0.63     0.70     0.77     0.84     0.92     1.00     0.92      0.89      0.90      0.88
N27          0.48     0.54     0.59     0.66     0.71     0.78     0.82     0.92     1.00      0.96      0.97      0.95
U27          0.45     0.52     0.56     0.63     0.69     0.75     0.83     0.89     0.96      1.00      1.01      0.99
Z27          0.46     0.52     0.57     0.63     0.69     0.75     0.79     0.90     0.97      1.01      1.00      0.98
H28          0.44     0.50     0.55     0.61     0.67     0.73     0.81     0.88     0.95      0.99      0.98      1.00
```

---

## Notable Moves (Last Session)

### Price
- **OIL (F27)**: +2.04% (56.37 → 57.52)

### Implied Vol
- **MEAL H26**: -0.63 (19.23 → 18.61)
- **OIL H26**: +2.84 (31.03 → 33.87)
- **OIL J26**: +1.95 (32.03 → 33.97)
- **OIL K26**: +1.55 (30.84 → 32.39)
- **WHEAT H26**: +4.78 (21.42 → 26.20)
- **WHEAT J26**: +3.37 (22.24 → 25.61)
- **WHEAT K26**: +2.68 (22.59 → 25.27)
