# Vol Dashboard Snapshot
**Generated:** 2026-02-19 13:33
**Market Date:** 2026-02-19 (Thursday)
**Commodities:** SOY, MEAL, OIL, CORN, WHEAT

---

## Current Implied Volatility

### SOY (latest: 2026-02-19)
| Contract | DTE | ATM IV | Percentile (5yr) | WoW Chg |
|----------|-----|--------|------------------|---------|
| G26 | 1 | 15.19 | 15% | -0.62 |
| H26 | 36 | 15.82 | 37% | -0.07 |
| J26 | 64 | 16.89 | 46% | -0.15 |
| K26 | 92 | 16.40 | 41% | -0.07 |
| M26 | 127 | 16.49 | 29% | -0.08 |
| N26 | 155 | 17.07 | 20% | -0.03 |
| Q26 | 183 | 16.86 | 15% | -0.11 |
| V26 | 246 | 15.69 | 26% | -0.08 |
| Z26 | 308 | 14.32 | 11% | -0.10 |

### MEAL (latest: 2026-02-19)
| Contract | DTE | ATM IV | Percentile (5yr) | WoW Chg |
|----------|-----|--------|------------------|---------|
| G26 | 1 | 17.83 | 13% | -1.84 |
| H26 | 36 | 18.45 | 18% | -0.79 |
| J26 | 64 | 19.33 | 32% | -0.59 |
| K26 | 92 | 18.90 | 27% | -0.32 |
| M26 | 127 | 19.12 | 22% | -0.23 |
| N26 | 155 | 18.91 | 13% | -0.30 |
| Q26 | 183 | 18.58 | 13% | -0.28 |
| U26 | 218 | 17.96 | 13% | -0.38 |
| X26 | 274 | 17.52 | 11% | -0.29 |
| Z26 | 308 | 17.18 | 14% | +0.00 |

### OIL (latest: 2026-02-19)
| Contract | DTE | ATM IV | Percentile (5yr) | WoW Chg |
|----------|-----|--------|------------------|---------|
| G26 | 1 | 23.20 | 7% | -3.07 |
| H26 | 36 | 32.66 | 91% | +1.63 |
| J26 | 64 | 33.23 | 93% | +1.20 |
| K26 | 92 | 31.86 | 66% | +1.02 |
| M26 | 127 | 31.15 | 77% | +0.87 |
| N26 | 155 | 30.03 | 67% | +0.77 |
| Q26 | 183 | 29.11 | 58% | +0.75 |
| U26 | 218 | 28.05 | 44% | +0.52 |

### CORN (latest: 2026-02-19)
| Contract | DTE | ATM IV | Percentile (5yr) | WoW Chg |
|----------|-----|--------|------------------|---------|
| G26 | 1 | 10.00 | 0% | -1.70 |
| H26 | 36 | 13.38 | 2% | -0.31 |
| J26 | 64 | 16.35 | 5% | -0.09 |
| K26 | 92 | 16.93 | 5% | +0.12 |
| M26 | 127 | 18.52 | 12% | +0.26 |
| N26 | 155 | 20.42 | 8% | +0.45 |
| Q26 | 183 | 20.75 | 17% | +0.64 |
| X26 | 218 | 18.76 | 18% | +0.44 |

### WHEAT (latest: 2026-02-19)
| Contract | DTE | ATM IV | Percentile (5yr) | WoW Chg |
|----------|-----|--------|------------------|---------|
| G26 | 1 | 29.71 | 79% | +6.43 |
| H26 | 36 | 25.20 | 22% | +3.78 |
| J26 | 64 | 25.17 | 26% | +2.93 |
| K26 | 92 | 24.90 | 7% | +2.31 |
| M26 | 127 | 25.81 | 30% | +1.93 |
| Q26 | 183 | 25.86 | 22% | +1.24 |
| X26 | 274 | 23.48 | 16% | +0.82 |

---

## Term Structure

### SOY
G26 (1d): 15.19 → H26 (36d): 15.82 → J26 (64d): 16.89 → K26 (92d): 16.40 → M26 (127d): 16.49 → N26 (155d): 17.07 → Q26 (183d): 16.86 → V26 (246d): 15.69 → Z26 (308d): 14.32

### MEAL
G26 (1d): 17.83 → H26 (36d): 18.45 → J26 (64d): 19.33 → K26 (92d): 18.90 → M26 (127d): 19.12 → N26 (155d): 18.91 → Q26 (183d): 18.58 → U26 (218d): 17.96 → X26 (274d): 17.52 → Z26 (308d): 17.18

### OIL
G26 (1d): 23.20 → H26 (36d): 32.66 → J26 (64d): 33.23 → K26 (92d): 31.86 → M26 (127d): 31.15 → N26 (155d): 30.03 → Q26 (183d): 29.11 → U26 (218d): 28.05

### CORN
G26 (1d): 10.00 → H26 (36d): 13.38 → J26 (64d): 16.35 → K26 (92d): 16.93 → M26 (127d): 18.52 → N26 (155d): 20.42 → Q26 (183d): 20.75 → X26 (218d): 18.76

### WHEAT
G26 (1d): 29.71 → H26 (36d): 25.20 → J26 (64d): 25.17 → K26 (92d): 24.90 → M26 (127d): 25.81 → Q26 (183d): 25.86 → X26 (274d): 23.48

---

## Skew Analysis

### SOY
**G26:** skew_m1.5=-0.21, skew_m0.5=-0.37, skew_p0.5=0.34, skew_p1.5=1.48, skew_p3.0=4.60
**H26:** skew_m1.5=-0.05, skew_m0.5=-0.55, skew_p0.5=0.80, skew_p1.5=2.49, skew_p3.0=6.48
**J26:** skew_m1.5=-0.20, skew_m0.5=-0.66, skew_p0.5=0.96, skew_p1.5=2.97, skew_p3.0=6.86

### MEAL
**G26:** skew_m1.5=1.10, skew_m0.5=0.05, skew_p0.5=0.74, skew_p1.5=3.19, skew_p3.0=9.58
**H26:** skew_m1.5=0.35, skew_m0.5=-0.82, skew_p0.5=1.07, skew_p1.5=3.93, skew_p3.0=10.65
**J26:** skew_m1.5=0.30, skew_m0.5=-0.86, skew_p0.5=1.18, skew_p1.5=4.10, skew_p3.0=10.38

### OIL
**G26:** skew_m1.5=2.65, skew_m0.5=-0.50, skew_p0.5=1.61, skew_p1.5=3.48, skew_p3.0=9.69
**H26:** skew_m1.5=1.72, skew_m0.5=-1.05, skew_p0.5=1.27, skew_p1.5=3.23, skew_p3.0=9.86
**J26:** skew_m1.5=1.06, skew_m0.5=-1.21, skew_p0.5=1.56, skew_p1.5=3.78, skew_p3.0=9.49

### CORN
**G26:** skew_m1.5=0.05, skew_m0.5=-0.53, skew_p0.5=0.32, skew_p1.5=1.73, skew_p3.0=5.75
**H26:** skew_m1.5=0.94, skew_m0.5=-0.38, skew_p0.5=0.65, skew_p1.5=2.26, skew_p3.0=7.23
**J26:** skew_m1.5=0.81, skew_m0.5=-0.53, skew_p0.5=0.91, skew_p1.5=2.69, skew_p3.0=8.12

### WHEAT
**G26:** skew_m1.5=-1.22, skew_m0.5=-0.07, skew_p0.5=1.00, skew_p1.5=1.42, skew_p3.0=7.37
**H26:** skew_m1.5=-1.41, skew_m0.5=-1.48, skew_p0.5=1.37, skew_p1.5=4.12, skew_p3.0=9.60
**J26:** skew_m1.5=-1.60, skew_m0.5=-1.58, skew_p0.5=1.54, skew_p1.5=4.78, skew_p3.0=10.22

---

## Realized Volatility

**SOY:** 10d: 26.84 | 20d: 26.28 | 30d: 24.30 | 60d: 25.45
**MEAL:** 10d: 26.91 | 20d: 48.01 | 30d: 70.09 | 60d: 63.06
**OIL:** 10d: 48.59 | 20d: 41.75 | 30d: 35.25 | 60d: 31.89
**CORN:** 10d: 95.59 | 20d: 89.86 | 30d: 84.40 | 60d: 81.54
**WHEAT:** 10d: 137.92 | 20d: 139.04 | 30d: 173.02 | 60d: 163.18

---

## Cross-Commodity Vol Spreads

**Crush: SOY vs MEAL:** 15.19 - 17.83 = -2.65 (ratio: 0.85, percentile: 69%)
**Crush: SOY vs OIL:** 15.19 - 23.20 = -8.01 (ratio: 0.65, percentile: 86%)
**Feed: CORN vs WHEAT:** 10.00 - 29.71 = -19.72 (ratio: 0.34, percentile: 3%)

---

## Variance Ratios

### SOY
Cached file: SOY_Z_all.parquet
Shape: 12 rows × 12 cols
```
          VarRat1  VarRat2  VarRat3  VarRat4  VarRat5  VarRat6  VarRat7  VarRat8  VarRat9  VarRat10  VarRat11  VarRat12
Contract                                                                                                               
F26          1.00     0.95     0.89     0.85     0.77     0.69     0.62     0.59     0.55      0.54      0.53      0.50
H26          0.95     1.00     0.94     0.89     0.81     0.72     0.65     0.61     0.58      0.56      0.55      0.52
K26          0.89     0.94     1.00     0.95     0.86     0.76     0.69     0.65     0.61      0.59      0.58      0.55
N26          0.85     0.89     0.95     1.00     0.91     0.80     0.72     0.68     0.64      0.62      0.61      0.58
Q26          0.77     0.81     0.86     0.91     1.00     0.88     0.79     0.75     0.70      0.68      0.67      0.63
U26          0.69     0.72     0.76     0.80     0.88     1.00     0.89     0.84     0.79      0.76      0.74      0.72
X26          0.62     0.65     0.69     0.72     0.79     0.89     1.00     0.94     0.89      0.85      0.83      0.81
F27          0.59     0.61     0.65     0.68     0.75     0.84     0.94     1.00     0.94      0.90      0.88      0.85
H27          0.55     0.58     0.61     0.64     0.70     0.79     0.89     0.94     1.00      0.96      0.94      0.90
K27          0.54     0.56     0.59     0.62     0.68     0.76     0.85     0.90     0.96      1.00      0.97      0.95
N27          0.53     0.55     0.58     0.61     0.67     0.74     0.83     0.88     0.94      0.97      1.00      0.98
Q27          0.50     0.52     0.55     0.58     0.63     0.72     0.81     0.85     0.90      0.95      0.98      1.00
```

### MEAL
Cached file: MEAL_Z_all.parquet
Shape: 12 rows × 12 cols
```
          VarRat1  VarRat2  VarRat3  VarRat4  VarRat5  VarRat6  VarRat7  VarRat8  VarRat9  VarRat10  VarRat11  VarRat12
Contract                                                                                                               
Z25          1.00     0.91     0.83     0.74     0.68     0.63     0.57     0.53     0.52      0.50      0.49      1.75
F26          0.91     1.00     0.90     0.81     0.74     0.68     0.62     0.57     0.56      0.54      0.52      1.88
H26          0.83     0.90     1.00     0.90     0.82     0.75     0.68     0.63     0.61      0.59      0.57      2.08
K26          0.74     0.81     0.90     1.00     0.91     0.84     0.75     0.70     0.68      0.65      0.64      2.34
N26          0.68     0.74     0.82     0.91     1.00     0.92     0.83     0.77     0.75      0.72      0.70      2.39
Q26          0.63     0.68     0.75     0.84     0.92     1.00     0.90     0.83     0.81      0.78      0.75      2.61
U26          0.57     0.62     0.68     0.75     0.83     0.90     1.00     0.92     0.90      0.86      0.83      3.33
V26          0.53     0.57     0.63     0.70     0.77     0.83     0.92     1.00     0.97      0.93      0.90      3.52
Z26          0.52     0.56     0.61     0.68     0.75     0.81     0.90     0.97     1.00      0.96      0.92      3.83
F27          0.50     0.54     0.59     0.65     0.72     0.78     0.86     0.93     0.96      1.00      0.97      4.59
H27          0.49     0.52     0.57     0.64     0.70     0.75     0.83     0.90     0.92      0.97      1.00      4.39
K27          1.75     1.88     2.08     2.34     2.39     2.61     3.33     3.52     3.83      4.59      4.39      1.00
```

### OIL
Cached file: OIL_Z_all.parquet
Shape: 11 rows × 11 cols
```
          VarRat1  VarRat2  VarRat3  VarRat4  VarRat5  VarRat6  VarRat7  VarRat8  VarRat9  VarRat10  VarRat11
Contract                                                                                                     
Z25          1.00     0.96     0.92     0.84     0.81     0.78     0.77     0.74     0.73      1.43      1.08
F26          0.96     1.00     0.95     0.87     0.84     0.81     0.80     0.77     0.75      1.49      1.13
H26          0.92     0.95     1.00     0.91     0.88     0.85     0.83     0.81     0.79      1.54      1.16
N26          0.84     0.87     0.91     1.00     0.96     0.93     0.91     0.88     0.86      1.75      1.31
Q26          0.81     0.84     0.88     0.96     1.00     0.97     0.95     0.92     0.90      1.92      1.41
U26          0.78     0.81     0.85     0.93     0.97     1.00     0.98     0.94     0.92      1.91      1.42
V26          0.77     0.80     0.83     0.91     0.95     0.98     1.00     0.97     0.95      1.80      1.37
Z26          0.74     0.77     0.81     0.88     0.92     0.94     0.97     1.00     0.98      2.20      1.60
F27          0.73     0.75     0.79     0.86     0.90     0.92     0.95     0.98     1.00      2.00      1.50
H27          1.43     1.49     1.54     1.75     1.92     1.91     1.80     2.20     2.00      1.00      0.96
K27          1.08     1.13     1.16     1.31     1.41     1.42     1.37     1.60     1.50      0.96      1.00
```

### CORN
Cached file: CORN_Z_all.parquet
Shape: 12 rows × 12 cols
```
          VarRat1  VarRat2  VarRat3  VarRat4  VarRat5  VarRat6  VarRat7  VarRat8  VarRat9  VarRat10  VarRat11  VarRat12
Contract                                                                                                               
Z25          1.00     0.90     0.84     0.77     0.62     0.53     0.48     0.46     0.43      0.52      0.35      0.43
H26          0.90     1.00     0.93     0.85     0.68     0.59     0.53     0.50     0.48      0.57      0.38      0.49
K26          0.84     0.93     1.00     0.92     0.73     0.63     0.57     0.54     0.51      0.60      0.41      0.53
N26          0.77     0.85     0.92     1.00     0.79     0.68     0.62     0.58     0.55      0.64      0.44      0.55
U26          0.62     0.68     0.73     0.79     1.00     0.85     0.77     0.72     0.69      0.76      0.54      0.62
Z26          0.53     0.59     0.63     0.68     0.85     1.00     0.90     0.85     0.81      0.85      0.61      0.67
H27          0.48     0.53     0.57     0.62     0.77     0.90     1.00     0.94     0.90      0.94      0.67      0.75
K27          0.46     0.50     0.54     0.58     0.72     0.85     0.94     1.00     0.96      1.00      0.71      0.76
N27          0.43     0.48     0.51     0.55     0.69     0.81     0.90     0.96     1.00      1.05      0.75      0.77
U27          0.52     0.57     0.60     0.64     0.76     0.85     0.94     1.00     1.05      1.00      0.83       NaN
Z27          0.35     0.38     0.41     0.44     0.54     0.61     0.67     0.71     0.75      0.83      1.00      0.98
H28          0.43     0.49     0.53     0.55     0.62     0.67     0.75     0.76     0.77       NaN      0.98      1.00
```

### WHEAT
Cached file: WHEAT_Z_all.parquet
Shape: 12 rows × 12 cols
```
          VarRat1  VarRat2  VarRat3  VarRat4  VarRat5  VarRat6  VarRat7  VarRat8  VarRat9  VarRat10  VarRat11  VarRat12
Contract                                                                                                               
Z25          1.00     0.88     0.81     0.72     0.66     0.61     0.92     0.50     0.48      0.45      0.46      0.44
H26          0.88     1.00     0.92     0.82     0.75     0.69     1.04     0.57     0.54      0.52      0.52      0.50
K26          0.81     0.92     1.00     0.89     0.82     0.75     1.11     0.63     0.59      0.56      0.57      0.55
N26          0.72     0.82     0.89     1.00     0.92     0.84     1.28     0.70     0.66      0.63      0.63      0.61
U26          0.66     0.75     0.82     0.92     1.00     0.91     1.36     0.77     0.71      0.69      0.69      0.67
Z26          0.61     0.69     0.75     0.84     0.91     1.00     1.50     0.84     0.78      0.75      0.75      0.73
H27          0.92     1.04     1.11     1.28     1.36     1.50     1.00     0.92     0.82      0.83      0.79      0.81
K27          0.50     0.57     0.63     0.70     0.77     0.84     0.92     1.00     0.92      0.89      0.90      0.88
N27          0.48     0.54     0.59     0.66     0.71     0.78     0.82     0.92     1.00      0.96      0.97      0.95
U27          0.45     0.52     0.56     0.63     0.69     0.75     0.83     0.89     0.96      1.00      1.01      0.99
Z27          0.46     0.52     0.57     0.63     0.69     0.75     0.79     0.90     0.97      1.01      1.00      0.98
H28          0.44     0.50     0.55     0.61     0.67     0.73     0.81     0.88     0.95      0.99      0.98      1.00
```

---

## Upcoming USDA Reports

No USDA reports in the next 30 days.


---

## Notable Moves (Last Session)

### Price
- **SOY**: +3.75% (1119.50 → 1161.50)
- **OIL**: -3.86% (57.52 → 55.30)
- **CORN**: -6.33% (466.25 → 436.75)
- **WHEAT**: -8.46% (611.50 → 559.75)

### Implied Vol
- **SOY G26**: -0.62 (15.81 → 15.19)
- **MEAL G26**: -1.84 (19.67 → 17.83)
- **MEAL H26**: -0.79 (19.23 → 18.45)
- **MEAL J26**: -0.59 (19.92 → 19.33)
- **OIL G26**: -3.07 (26.27 → 23.20)
- **OIL H26**: +1.63 (31.03 → 32.66)
- **OIL J26**: +1.20 (32.03 → 33.23)
- **CORN G26**: -1.70 (11.69 → 10.00)
- **WHEAT G26**: +6.43 (23.29 → 29.71)
- **WHEAT H26**: +3.78 (21.42 → 25.20)
- **WHEAT J26**: +2.93 (22.24 → 25.17)
